INV_X1-1 1 0.532 1111111100000000 1111111100000000
INV_X1-2 1 0.532 1111000011110000 1111000011110000
INV_X1-3 1 0.532 1100110011001100 1100110011001100
INV_X1-4 1 0.532 1010101010101010 1010101010101010
BUF_X1-1 1 0.798 0000000011111111 0000000011111111
BUF_X1-2 1 0.798 0000111100001111 0000111100001111
BUF_X1-3 1 0.798 0011001100110011 0011001100110011
BUF_X1-4 1 0.798 0101010101010101 0101010101010101
NAND2_X1-12 2 0.798 1111111111110000 1111111111110000
NAND2_X1-13 2 0.798 1111111111001100 1111111111001100
NAND2_X1-14 2 0.798 1111111110101010 1111111110101010
NAND2_X1-23 2 0.798 1111110011111100 1111110011111100
NAND2_X1-24 2 0.798 1111101011111010 1111101011111010
NAND2_X1-34 2 0.798 1110111011101110 1110111011101110
NAND3_X1-123 3 1.064 1111111111111100 1111111111111100
NAND3_X1-124 3 1.064 1111111111111010 1111111111111010
NAND3_X1-134 3 1.064 1111111111101110 1111111111101110
NAND3_X1-234 3 1.064 1111111011111110 1111111011111110
NAND4_X1 4 1.33 1111111111111110 1111111111111110
NOR2_X1-12 2 0.798 1111000000000000 1111000000000000
NOR2_X1-13 2 0.798 1100110000000000 1100110000000000
NOR2_X1-14 2 0.798 1010101000000000 1010101000000000
NOR2_X1-23 2 0.798 1100000011000000 1100000011000000
NOR2_X1-24 2 0.798 1010000010100000 1010000010100000
NOR2_X1-34 2 0.798 1000100010001000 1000100010001000
NOR3_X1-123 3 1.064 1100000000000000 1100000000000000
NOR3_X1-124 3 1.064 1010000000000000 1010000000000000
NOR3_X1-134 3 1.064 1000100000000000 1000100000000000
NOR3_X1-234 3 1.064 1000000010000000 1000000010000000
NOR4_X1 4 1.33 1000000000000000 1000000000000000
AND2_X1-12 3 1.064 0000000000001111 0000000000001111
AND2_X1-13 3 1.064 0000000000110011 0000000000110011
AND2_X1-14 3 1.064 0000000001010101 0000000001010101
AND2_X1-23 3 1.064 0000001100000011 0000001100000011
AND2_X1-24 3 1.064 0000010100000101 0000010100000101
AND2_X1-34 3 1.064 0001000100010001 0001000100010001
AND3_X1-123 4 1.33 0000000000000011 0000000000000011
AND3_X1-124 4 1.33 0000000000000101 0000000000000101
AND3_X1-134 4 1.33 0000000000010001 0000000000010001
AND3_X1-234 4 1.33 0000000100000001 0000000100000001
AND4_X1 5 1.596 0000000000000001 0000000000000001
OR2_X1-12 3 1.064 0000111111111111 0000111111111111
OR2_X1-13 3 1.064 0011001111111111 0011001111111111
OR2_X1-14 3 1.064 0101010111111111 0101010111111111
OR2_X1-23 3 1.064 0011111100111111 0011111100111111
OR2_X1-24 3 1.064 0101111101011111 0101111101011111
OR2_X1-34 3 1.064 0111011101110111 0111011101110111
OR3_X1-123 4 1.33 0011111111111111 0011111111111111
OR3_X1-124 4 1.33 0101111111111111 0101111111111111
OR3_X1-134 4 1.33 0111011111111111 0111011111111111
OR3_X1-234 4 1.33 0111111101111111 0111111101111111
OR4_X1 5 1.596 0111111111111111 0111111111111111
AOI21_X1-123 3 1.064 1111110000000000 1111110000000000
AOI21_X1-213 3 1.064 1111000011000000 1111000011000000
AOI21_X1-312 3 1.064 1100110011000000 1100110011000000
AOI21_X1-124 3 1.064 1111101000000000 1111101000000000
AOI21_X1-214 3 1.064 1111000010100000 1111000010100000
AOI21_X1-412 3 1.064 1010101010100000 1010101010100000
AOI21_X1-134 3 1.064 1110111000000000 1110111000000000
AOI21_X1-314 3 1.064 1100110010001000 1100110010001000
AOI21_X1-413 3 1.064 1010101010001000 1010101010001000
AOI21_X1-234 3 1.064 1110000011100000 1110000011100000
AOI21_X1-324 3 1.064 1100100011001000 1100100011001000
AOI21_X1-423 3 1.064 1010100010101000 1010100010101000
AOI22_X1-12,34 4 1.33 1110111011100000 1110111011100000
AOI22_X1-13,24 4 1.33 1111101011001000 1111101011001000
AOI22_X1-14,23 4 1.33 1111110010101000 1111110010101000
OAI21_X1-123 3 1.064 1111111111000000 1111111111000000
OAI21_X1-213 3 1.064 1111110011110000 1111110011110000
OAI21_X1-312 3 1.064 1111110011001100 1111110011001100
OAI21_X1-124 3 1.064 1111111110100000 1111111110100000
OAI21_X1-214 3 1.064 1111101011110000 1111101011110000
OAI21_X1-412 3 1.064 1111101010101010 1111101010101010
OAI21_X1-134 3 1.064 1111111110001000 1111111110001000
OAI21_X1-314 3 1.064 1110111011001100 1110111011001100
OAI21_X1-413 3 1.064 1110111010101010 1110111010101010
OAI21_X1-234 3 1.064 1111100011111000 1111100011111000
OAI21_X1-324 3 1.064 1110110011101100 1110110011101100
OAI21_X1-423 3 1.064 1110101011101010 1110101011101010
OAI22_X1-12,34 4 1.33 1111100010001000 1111100010001000
OAI22_X1-13,24 4 1.33 1110110010100000 1110110010100000
OAI22_X1-14,23 4 1.33 1110101011000000 1110101011000000
LOGIC1_X1- 0 0.532 1111111111111111 1111111111111111
LOGIC0_X1- 0 0.532 0000000000000000 0000000000000000
MUX2_X1-321 5 1.064 0000001111001111 0000001111001111
MUX2_X1-132 5 1.064 0000111100110011 0000111100110011
MUX2_X1-231 5 1.064 0000001111110011 0000001111110011
MUX2_X1-421 5 1.064 0000010110101111 0000010110101111
MUX2_X1-142 5 1.064 0000111101010101 0000111101010101
MUX2_X1-241 5 1.064 0000010111110101 0000010111110101
MUX2_X1-431 5 1.064 0001000110111011 0001000110111011
MUX2_X1-143 5 1.064 0011001101010101 0011001101010101
MUX2_X1-341 5 1.064 0001000111011101 0001000111011101
MUX2_X1-432 5 1.064 0001101100011011 0001101100011011
MUX2_X1-243 5 1.064 0011010100110101 0011010100110101
MUX2_X1-342 5 1.064 0001110100011101 0001110100011101
HA_X1-12 8 2.66 0000000000001111 0000111111110000
HA_X1-13 8 2.66 0000000000110011 0011001111001100
HA_X1-14 8 2.66 0000000001010101 0101010110101010
HA_X1-23 8 2.66 0000001100000011 0011110000111100
HA_X1-24 8 2.66 0000010100000101 0101101001011010
HA_X1-34 8 2.66 0001000100010001 0110011001100110
FA_X1-123 12 4.256 0000001100111111 0011110011000011
FA_X1-124 12 4.256 0000010101011111 0101101010100101
FA_X1-134 12 4.256 0001000101110111 0110011010011001
FA_X1-234 12 4.256 0001011100010111 0110100101101001

